------- two component ------
138.48893011666232
138.48893022328485
138.48893011142366
138.48893010026922
138.4889300303841
138.48893021303206
138.4889301027091
113.34669943934924
113.3466992598383
113.34669933911515
113.34669966872553
113.3466993084344
113.34669924974949
113.34669932511048
120.81358181548481
120.81358206827008
120.81358173255683
120.81358164361353
120.8135816186234
120.81358206187436
120.81358173466609
112.05781809999186
112.05781797232991
112.05781800317655
112.05781819950079
112.05781795688796
112.05781801317586
112.05781799146165
112.98531891879426
112.98531883530059
112.98531911002651
112.98531897370593
112.98531902996811
112.98531886929246
112.9853191118445
109.51501237922369
109.5150122637404
109.51501236894032
109.5150124622279
109.5150123665864
109.51501230585507
109.5150123523305
120.39208910706824
120.39208932553994
120.3920890962816
120.39208900422658
120.39208909495161
120.39208931484652
120.39208908124151
109.05744077139093
109.05744079548546
109.05744075842449
109.05744070351972
109.05744075650136
109.05744084379549
109.0574407437613
109.08091594394169
109.08091589721023
109.08091597270459
109.08091595926064
109.08091596917757
109.08091593172873
109.0809159616401
109.02016285478055
109.02016281185898
109.02016285145876
109.02016286229912
109.02016284968772
109.02016285033315
109.02016283780591
109.02457724005816
109.0245772246318
109.0245772680858
109.02457721533428
109.02457726463706
109.02457726826897
109.02457725753467
109.01189378589814
109.01189377137138
109.01189379172263
109.01189376032755
109.01189378991614
109.01189381498313
109.01189378058278
108.99454925995937
108.99454921657733
108.99454926530655
108.9945492675169
108.99454926353353
108.99454925531487
108.9945492541368
109.14416207410179
109.14416203017362
109.14416217178112
109.14416208603771
109.14416215586465
109.14416206293913
109.14416216492069
108.98388595996478
108.98388591978711
108.98388601164255
108.98388597147073
108.98388600598692
108.98388595037012
108.98388600149786
108.81269983395345
108.81269979098744
108.81269984964703
108.8126998454976
108.81269984761971
108.81269982344705
108.81269984058095
110.37658662521764
110.37658672312816
110.37658650141478
110.37658662984515
110.37658648787443
110.37658665887233
110.37658649946184
108.30836554328613
108.30836560957708
108.30836555070314
108.30836546407247
108.3083655502775
108.30836562293318
108.30836553958842
108.31783760885759
108.31783766167503
108.31783760311498
108.31783756317343
108.31783760332307
108.31783765683186
108.31783759354353
108.29243970169523
108.29243976102057
108.29243970957991
108.29243963861653
108.29243970931674
108.29243976583169
108.29243969833496
108.28298530415218
108.28298535814615
108.28298529813466
108.28298525838997
108.28298529826864
108.2829853520568
108.28298528836378
108.22797656883046
108.22797661266642
108.22797656245628
108.22797653231848
108.22797656277828
108.22797660685939
108.2279765526662
108.24310663951849
108.24310654657549
108.24310665861542
108.24310672087233
108.24310665890545
108.24310655879387
108.24310664935564
108.15325784540036
108.15325784844586
108.15325786498454
108.15325785067354
108.15325786497536
108.15325784104847
108.15325785599792
108.14657623823967
108.14657621880518
108.14657625072427
108.14657626510416
108.14657625102113
108.14657621232071
108.14657624248804
108.14355900800933
108.14355899914187
108.14355900114
108.14355902270964
108.14355900204212
108.143558993982
108.14355899128573
108.14173512041381
108.14173511163489
108.14173511347063
108.14173513509544
108.14173511439921
108.14173510640794
108.14173510359865
108.13894538851723
108.13894535188646
108.13894539394386
108.13894542130403
108.13894539444289
108.13894535554824
108.13894538634341
108.12634458567211
108.12634457624482
108.12634460127039
108.12634460135082
108.12634460165586
108.1263445706548
108.126344592543
108.1126528229455
108.11265283848903
108.11265282664647
108.11265279754562
108.11265282785187
108.11265284759492
108.11265281895207
108.0826426278141
108.0826426435519
108.08264263126787
108.08264260170243
108.08264263294618
108.08264265307997
108.08264262353136
108.03016764073037
108.03016764098004
108.03016762220045
108.03016765208076
108.03016762100022
108.03016763065041
108.03016762555959
108.02256321556742
108.02256322529686
108.02256320154052
108.02256320944534
108.02256320353591
108.02256322210143
108.02256319760906
108.02990527837443
108.02990530580237
108.02990527628721
108.02990524005106
108.02990527654146
108.02990531593792
108.02990527593636
108.02000233036834
108.02000235141344
108.02000232950536
108.02000231333453
108.02000232974963
108.02000234793208
108.020002328972
108.0175875086907
108.01758751833174
108.01758750771572
108.017587502801
108.01758750796488
108.01758751499676
108.01758750718804
108.01700416191741
108.01700417190129
108.01700417861034
108.01700415578863
108.01700417980594
108.01700416845743
108.0170041738026
108.04395394711347
108.0439539141319
108.04395397930574
108.04395394912993
108.04395397932109
108.0439539425457
108.04395397525772
108.01391159334065
108.0139116107147
108.01391160981994
108.01391156498173
108.0139116110448
108.0139116207205
108.01391160498036
108.39633238020349
108.39633229355763
108.39633250016323
108.39633244759825
108.39633248392721
108.3963323139159
108.3963325084174
108.01052605956419
108.01052607763863
108.01052607584859
108.01052603047
108.01052607710291
108.01052608765556
108.01052607099174
108.01030133568189
108.01030132840765
108.0103013681687
108.01030132391718
108.01030136822556
108.01030134570584
108.01030136422727
108.00939795478794
108.00939797307224
108.00939797149073
108.00939792549103
108.00939797271943
108.00939798307556
108.00939796665597
108.0090312294083
108.00903124776706
108.00903126185905
108.00903120002802
108.00903126192773
108.00903125777387
108.00903125792358
108.03063186460068
108.030631825223
108.03063187901006
108.03063188806603
108.03063187815556
108.03063183991185
108.03063187926456
108.00914231777455
108.00914231049354
108.00914235029819
108.00914230602051
108.00914235037092
108.00914232778587
108.00914234635837
108.00864665610807
108.0086466518502
108.00864668859755
108.00864664253493
108.00864668866632
108.00864666804381
108.0086466846625
108.00653112697324
108.00653112625837
108.00653112542574
108.00653112917038
108.00653112571501
108.00653112491568
108.00653112492381
108.00645558625949
108.00645558553613
108.00645558467106
108.00645558847799
108.00645558496274
108.00645558418165
108.00645558417057
108.00614673184657
108.00614673107577
108.00614673009625
108.00614673415842
108.00614673039753
108.00614672967902
108.00614672960157
108.00954138475306
108.00954137781159
108.00954139903956
108.00954137257341
108.00954139807939
108.0095413951821
108.0095413995347
108.00599647611583
108.00599647530169
108.00599647429785
108.00599647848418
108.00599647460315
108.00599647389271
108.00599647380646
108.00589532457863
108.00589532371109
108.00589532275782
108.005895326999
108.00589532306272
108.00589532230316
108.00589532227107
108.00688495618745
108.00688494302133
108.006884970659
108.00688496593537
108.00688496973424
108.00688494612999
108.00688497112671
108.00584015528574
108.00584015436881
108.00584015366988
108.00584015774663
108.00584015395938
108.00584015296883
108.0058401531975
108.00614971012803
108.0061497085292
108.00614972465951
108.00614971303129
108.00614972375207
108.00614970734665
108.00614972511917
108.00581965118661
108.00581965024239
108.00581965019273
108.0058196536682
108.0058196504364
108.00581964884836
108.00581964975703
108.04278583497985
108.04278582828333
108.04278586506186
108.04278582282558
108.0427858619279
108.04278584549553
108.04278586723893
108.0060492228339
108.00604922151385
108.00604923734466
108.00604922556434
108.00604923644188
108.00604922023498
108.00604923780136
108.00581078871232
108.00581078775008
108.00581078922241
108.00581079120718
108.0058107893555
108.00581078636037
108.0058107888733
108.00576931326312
108.0057693121268
108.00576932287511
108.00576931587949
108.00576932233881
108.00576931078461
108.00576932304982
108.00619091595418
108.00619090958716
108.00619092849698
108.00619090343599
108.00619092773704
108.00619092673841
108.00619092886322
108.00569386760381
108.00569386574571
108.00569387824581
108.0056938706638
108.0056938776328
108.00569386465611
108.0056938784833
108.00579384685719
108.00579384183077
108.00579385890221
108.00579383372886
108.00579385818271
108.00579385831543
108.00579385923015
108.00564066566707
108.00564066137295
108.00564067694805
108.00564067011739
108.0056406762873
108.0056406612338
108.00564067722499
108.01313596213474
108.01313596757743
108.01313597544781
108.01313594042537
108.01313597455714
108.01313598240614
108.01313597603155
108.0056414535557
108.00564145289962
108.00564146496191
108.00564143997396
108.00564146429072
108.0056414658277
108.00564146525
108.0056105284185
108.00561052314657
108.00561053977005
108.00561053270077
108.00561053910363
108.0056105240484
108.00561054005283
108.00600712356461
108.00600713015294
108.00600712688063
108.0060071031132
108.00600712679534
108.00600714273992
108.00600712672839
108.00559491820871
108.00559491535697
108.00559492902609
108.00559491758676
108.00559492839835
108.00559491851521
108.00559492928008
108.00548957015627
108.00548957014632
108.00548956920413
108.00548956896588
108.00548956943527
108.00548957123831
108.00548956880064
108.00538853989231
108.00538854140642
108.00538853829877
108.00538853516001
108.00538853856793
108.0053885443314
108.00538853788288
108.00504076048907
108.00504077231096
108.00504075871193
108.00504075334713
108.00504075888124
108.00504076806182
108.00504075853455
108.00873000981667
108.00872999747595
108.00872998948581
108.0087300188708
108.00872998842996
108.00873000046515
108.00872999268496
108.00501108804332
108.00501109985792
108.00501108626992
108.00501108090249
108.00501108643604
108.00501109561421
108.00501108609821
108.0065781116328
108.00657811150695
108.00657809133361
108.00657811364658
108.00657809035204
108.00657810979374
108.00657809448558
108.00497681333852
108.00497682513205
108.0049768115691
108.00497680620722
108.00497681173141
108.00497682089858
108.00497681140416
108.00536252573791
108.00536252970136
108.00536250549047
108.00536252465922
108.00536250455406
108.00536252708329
108.00536250860875
108.00491472105648
108.0049147327187
108.00491471928986
108.00491471400974
108.00491471944471
108.00491472852727
108.00491471913844
108.0048639056121
108.00486391546434
108.00486389326845
108.0048638999447
108.00486389280438
108.00486391166426
108.00486389499021
108.00490351227351
108.00490352388032
108.0049035105052
108.00490350526591
108.00490351065855
108.00490351970365
108.0049035103567
108.00485665326929
108.004856664178
108.00485665137077
108.0048566467858
108.00485665151018
108.00485666015925
108.00485665125677
108.0080651117099
108.00806510596163
108.0080650914914
108.00806509820097
108.00806509052933
108.00806512345869
108.00806509461214
108.00480126398563
108.00480126382905
108.00480126131046
108.00480126589655
108.00480126140386
108.00480126223712
108.00480126133489
108.0050742921045
108.00507428136495
108.00507429032052
108.00507429345801
108.00507429052237
108.00507428989573
108.00507429008003
108.0047987505017
108.00479874973963
108.00479874874563
108.00479875252503
108.00479874890256
108.00479874859572
108.00479874858948
108.00479450451692
108.00479450403742
108.00479450275748
108.00479450589073
108.00479450291328
108.00479450322678
108.00479450260372
108.00481233939574
108.00481234509613
108.00481233746964
108.00481232223898
108.00481233760925
108.00481235549665
108.00481233735778
108.00478823857236
108.00478823914472
108.004788236801
108.00478823706915
108.00478823695403
108.0047882399922
108.00478823665341
108.00478340151363
108.00478340317764
108.00478339968359
108.00478339729881
108.0047833998299
108.00478340549671
108.00478339955254
108.004991570464
108.00499157204511
108.0049915503825
108.00499156799498
108.00499154946937
108.00499157285361
108.00499155346162
108.00478273275587
108.00478273440385
108.00478273091073
108.00478272866407
108.0047827310559
108.00478273662574
108.00478273078298
108.00478054032904
108.00478054188842
108.00478053796861
108.00478053698953
108.00478053808203
108.00478054350742
108.00478053793509
108.00476521503575
108.00476521573377
108.00476521311235
108.0047652144415
108.00476521325312
108.00476521564127
108.00476521299876
108.00468863979334
108.00468863996858
108.00468863856506
108.00468864148169
108.00468863866266
108.00468863827746
108.00468863848057
108.00553698138349
108.00553698142667
108.00553699672977
108.00553698353022
108.00553699558671
108.00553697943926
108.00553699760181
108.004687246943
108.00468724711357
108.00468724605176
108.00468724864712
108.00468724612466
108.00468724541238
108.00468724598659
108.00468494104797
108.00468494105979
108.00468494293528
108.00468494270442
108.0046849428051
108.00468493954607
108.00468494302737
108.00468058041776
108.00468058037134
108.0046805803969
108.00468058163298
108.00468058040815
108.00468057931127
108.00468058037747
108.00467995483731
108.00467995479696
108.00467995474717
108.00467995361927
108.00467995476507
108.0046799559422
108.00467995472107
108.00467921385729
108.0046792138339
108.00467921380505
108.00467921435526
108.00467921381934
108.00467921340454
108.00467921378257
108.0046789906739
108.00467899066108
108.00467899067303
108.00467899049568
108.00467899068332
108.00467899083651
108.00467899065387

------ MOVING TO THE NEXT -------

------- one component ------
137.80718747201269
137.80718753831127
137.80718740848212
137.80718766006868
137.8071877040468
137.80718758054897
137.8071874117033
135.50859653653905
135.50859648772897
135.50859663650772
135.50859645667535
135.50859651033323
135.50859654557766
135.50859658931532
129.29766267667836
129.29766241548612
129.29766288633078
129.29766261889006
129.2976625689558
129.29766242519884
129.29766287418508
134.34951086186842
134.34951094974238
134.34951084771677
134.34951094688455
134.34951089367047
134.34951099252197
134.34951085622663
130.50077509197058
130.5007749290383
130.5007750618107
130.50077490807897
130.5007751630866
130.50077497079008
130.5007750429242
127.246803924668
127.24680391745058
127.24680389519159
127.24680401897015
127.24680399618678
127.24680391541001
127.24680388896016
130.43281503419286
130.4328148120017
130.43281506829243
130.4328150790646
130.43281500242816
130.43281483542447
130.43281509646198
126.6514370535262
126.65143686774931
126.65143697181252
126.65143683297805
126.65143720350503
126.65143689398549
126.65143696870776
126.65779409952529
126.65779403190979
126.6577940478083
126.65779410632814
126.65779420761594
126.65779402635191
126.65779404435297
124.45858051288565
124.45858015251734
124.45858055489973
124.4585804071663
124.45858047116606
124.45858016739369
124.45858059840899
124.75760187975115
124.7576017457709
124.75760168389019
124.7576016934006
124.7576021820394
124.75760177047114
124.7576016809515
122.13816726972183
122.13816720106037
122.13816710644574
122.13816657880801
122.13816746565612
122.13816738006086
122.13816712615694
122.74398632773693
122.74398557077284
122.74398612837945
122.74398665312869
122.7439865759577
122.74398543857775
122.7439861467103
122.13816726972183
122.13816720106037
122.13816710644574
122.13816657880801
122.13816746565612
122.13816738006086
122.13816712615694
122.56380214299323
122.56380192514523
122.5638018534506
122.56380217361883
122.5638025125863
122.56380190116082
122.56380184470004
122.29284264362559
122.29284200150414
122.29284248384093
122.29284286583754
122.29284283745177
122.29284190262673
122.29284250907706
121.94045452874863
121.94045365734291
121.94045438110338
121.9404550157573
121.94045470588685
121.94045347370943
121.94045440602571
127.78784038384549
127.78784039352279
127.7878404003143
127.7878404893406
127.78784037238745
127.78784041707175
127.78784041171241
118.72029728686097
118.72029724590763
118.72029725018156
118.72029740386728
118.72029732258574
118.72029721825993
118.72029728353148
119.01394145248518
119.01394137086955
119.01394144963996
119.01394148920207
119.01394145418585
119.01394134968939
119.01394147092883
118.60570638783568
118.60570628993436
118.60570630365596
118.60570646566997
118.60570647243865
118.60570625702422
118.60570631833161
118.45604350044295
118.45604341470775
118.45604350215012
118.45604352173602
118.4560434956993
118.4560433940996
118.45604354990098
118.48127845673613
118.48127840295012
118.48127835056677
118.48127853902209
118.48127856273732
118.4812783781932
118.48127836000943
118.46046679096386
118.46046669571669
118.46046666700373
118.46046681465242
118.4604669145362
118.46046667261112
118.46046667185641
118.45722963825992
118.45722954999958
118.4572295089315
118.45722966019156
118.4572297670903
118.45722952873231
118.45722951241011
118.45607283545334
118.45607274910408
118.45607270670365
118.45607285683877
118.45607296363569
118.45607272834516
118.45607271049059
118.45583664774657
118.45583656184827
118.45583653273458
118.45583666901194
118.45583676192071
118.45583654120779
118.45583654117434
122.71426905408008
122.71426912387648
122.71426900360649
122.71426941106563
122.71426910016731
122.71426913753632
122.71426902469862
118.39806668352458
118.39806666830788
118.39806657206904
118.39806676495081
118.39806679373959
118.39806665193463
118.3980665815394
118.36202124181057
118.36202122848799
118.36202117542808
118.36202133060956
118.36202130586639
118.36202121117137
118.36202120022446
118.28773869212756
118.28773859395847
118.28773875427123
118.28773872771475
118.28773862427168
118.28773856806136
118.28773882287317
118.1284228172415
118.12842270865215
118.12842289752484
118.12842287784886
118.12842273091854
118.12842267607665
118.1284229596807
118.05250108827354
118.0525011211693
118.0525011472583
118.05250092695815
118.05250102283935
118.05250115758838
118.05250119200926
117.98540723785776
117.98540731079514
117.98540731510406
117.98540712642233
117.98540715593576
117.9854073466388
117.98540735534527
117.97508569850794
117.97508577351542
117.97508577655066
117.97508558092382
117.97508561576869
117.97508581081462
117.97508581706421
117.93676459762375
117.93676470824789
117.93676467909454
117.93676448048878
117.93676451136639
117.93676475295322
117.9367647207858
123.24673789603807
123.24673805353014
123.24673784513067
123.2467381120461
123.24673794129505
123.24673809014621
123.24673786230841
117.84839647478881
117.84839660502035
117.84839656524801
117.84839631092791
117.8483963793556
117.84839666115701
117.84839660999285
117.88019072958274
117.88019069710973
117.88019081713725
117.88019080814247
117.88019063579335
117.8801906775044
117.88019086651461
117.77742533287412
117.77742538148425
117.77742541706567
117.77742529860761
117.77742524310963
117.77742539788608
117.77742546083593
117.66160119389156
117.6616012442165
117.66160127312676
117.66160116177356
117.66160110940842
117.66160126058006
117.66160131199732
117.58106987548868
117.58106986240824
117.58106994791815
117.58106996010636
117.58106979933808
117.58106984565174
117.58106997853382
117.51106200998927
117.51106193352776
117.51106199890765
117.51106204467379
117.51106201975617
117.51106191198122
117.51106199872639
117.49109893022076
117.49109886760728
117.49109892124187
117.49109899270093
117.49109893788855
117.49109884398744
117.49109892167714
117.68215160050272
117.68215167062928
117.68215160578931
117.68215153557202
117.6821515948394
117.68215169786393
117.68215160814403
117.47312800820825
117.47312803895193
117.47312800166131
117.47312797512875
117.47312801336507
117.47312805107373
117.47312800295789
117.46485919211509
117.46485920213465
117.46485918976987
117.46485913918312
117.46485919418315
117.46485921331762
117.46485918970981
117.47254566016623
117.47254559820833
117.4725456563539
117.4725457219921
117.47254566364008
117.47254557477635
117.47254565599516
117.46326846377895
117.46326847265507
117.46326846120566
117.46326841264425
117.46326846606297
117.46326848328133
117.463268461105
117.46735193918963
117.46735187535265
117.4673519360258
117.46735200421048
117.46735194204017
117.46735185094111
117.46735193580375
117.46308929736911
117.46308924422169
117.46308929472343
117.46308934545056
117.46308929972197
117.4630892249111
117.46308929460923
117.46306034973898
117.46306035079101
117.46306034713176
117.46306031112128
117.46306035205515
117.46306035764093
117.46306034702499
117.46620296956111
117.46620290653277
117.46620296607436
117.46620303267596
117.4662029726747
117.4662028826141
117.46620296588263
117.46342860633575
117.46342854173399
117.46342860355641
117.46342867245778
117.46342860880767
117.46342851694425
117.46342860343415
117.46293796716216
117.46293791611616
117.46293796451246
117.46293801182107
117.4629379695165
117.46293789783005
117.46293796440249
117.4598409586097
117.45984093798376
117.45984095580903
117.45984100741668
117.45984096103354
117.45984092533222
117.45984095582571
117.45876285803782
117.45876286832878
117.45876285487807
117.45876285759581
117.45876286076573
117.45876287056487
117.4587628549025
117.45397599721426
117.45397602971732
117.45397599281952
117.45397596194161
117.45397600097877
117.45397604255056
117.45397599287134
117.45388727341637
117.45388728295788
117.45388731594184
117.45388722683015
117.4538872288714
117.45388729294001
117.45388733278399
117.44215208195672
117.44215210964
117.44215212088537
117.44215205266146
117.44215204199025
117.44215212045356
117.442152134677
117.42222065532127
117.42222068392388
117.42222064921526
117.4222206236968
117.42222066020156
117.42222069533088
117.42222064975542
117.43618968529691
117.43618971280527
117.43618968054793
117.4361896558966
117.43618969196048
117.4361897236025
117.43618967556799
117.42205131105084
117.42205133941525
117.42205130326599
117.4220512799065
117.42205132005836
117.42205135069025
117.42205129860986
117.4190012227483
117.4190012520576
117.41900121932323
117.41900119164595
117.41900122598447
117.41900126351766
117.41900121866126
117.42236342152408
117.42236343307054
117.42236346188835
117.42236337659276
117.42236338011323
117.42236344320648
117.42236347601497
117.41952097508161
117.41952098549358
117.41952097150835
117.41952092973465
117.41952097845939
117.41952099544682
117.41952097081324
117.41880048751943
117.4188005159661
117.41880048406293
117.41880045571939
117.41880049078502
117.41880052736445
117.41880048339515
117.41903736494366
117.41903737514185
117.41903736144036
117.41903731954937
117.41903736825402
117.41903738505476
117.419037360762
117.4187753583056
117.41877537653983
117.4187753548416
117.4187753189268
117.41877536157828
117.41877538710082
117.41877535417223
117.41839966424025
117.41839969290012
117.41839966067421
117.41839963230542
117.41839966760483
117.41839970436587
117.41839965999203
117.58559855858255
117.5855985233237
117.58559858918943
117.58559862506203
117.58559852998226
117.58559850458995
117.58559859531107
117.41757952919244
117.41757955874994
117.41757952698669
117.41757949733784
117.41757953114677
117.4175795703892
117.41757952680545
117.43508411601361
117.4350841444487
117.43508415039676
117.4350840858229
117.43508408194799
117.43508415556599
117.43508416020558
117.41768482438803
117.4176848539696
117.41768485855525
117.41768479254162
117.4176847892789
117.41768486561246
117.41768487062131
117.41756793210246
117.41756796167053
117.41756793157822
117.4175679002452
117.41756793234353
117.41756797331246
117.41756793196384
117.41617549460997
117.41617552383165
117.41617550771878
117.41617546319728
117.41617548226782
117.41617553531614
117.41617551020664
117.45066494764211
117.45066490673847
117.45066493692053
117.45066498426607
117.45066495953063
117.45066489209947
117.45066493147951
117.41933688291194
117.41933685154098
117.41933688077
117.41933694775389
117.41933688610382
117.41933683391133
117.41933687812832
117.41592474574408
117.4159247572237
117.41592475612796
117.4159247426681
117.4159247361784
117.41592476015451
117.4159247576986
117.41575543203192
117.41575542315533
117.41575543139047
117.41575546001728
117.41575543250666
117.41575541651804
117.41575543151905
117.41583253385927
117.41583255694653
117.41583253113293
117.41583250408502
117.41583253636912
117.415832566868
117.41583253072841
117.41574067291172
117.41574067879577
117.41574067147067
117.41574067653315
117.41574067416158
117.41574067941187
117.41574067140503
117.4157367690927
117.41573677246683
117.41573676421498
117.41573677096085
117.41573677481492
117.4157367728584
117.41573676114038
117.41573297265661
117.41573297773124
117.41573297036075
117.41573297572896
117.41573297501365
117.4157329782721
117.41573296955744
117.41576852558876
117.41576851532494
117.41576853316957
117.41576851609719
117.41576851780499
117.41576851481028
117.41576853584485
117.41572443395974
117.41572443518912
117.41572443291389
117.41572443384852
117.41572443501866
117.41572443547116
117.41572443257866
117.41572403001821
117.4157240289364
117.41572403042835
117.41572402981217
117.41572402962225
117.41572402875178
117.41572403052976
117.41572386571733
117.41572386578386
117.41572386572055
117.41572386595138
117.4157238657291
117.41572386576391
117.41572386569769

------ MOVING TO THE NEXT -------

------- two component ------
132.1011155669417
132.10111554770228
132.10111558298217
132.10111555554718
132.10111557475696
132.1011156247489
132.10111554987958
128.15857695571177
128.1585769770055
128.15857700034937
128.15857695922205
128.15857696726545
128.15857695032443
128.15857693412508
125.75157567158598
125.75157569439806
125.75157574589873
125.75157567496312
125.75157567085466
125.75157566593722
125.75157567992032
126.36355229302353
126.36355231025253
126.36355229342729
126.36355230545843
126.36355228026463
126.36355230282618
126.36355229576527
126.70929330448817
126.70929331227107
126.70929330304988
126.70929329146708
126.70929330625272
126.70929329061991
126.70929330271879
125.87451794818824
125.87451794707782
125.87451794867404
125.8745179375229
125.87451794242482
125.87451793725383
125.874517949892
125.57267328626263
125.57267328241308
125.57267328459287
125.57267328924786
125.57267327523846
125.57267329157122
125.57267328828044
125.7879291774894
125.78792917007164
125.78792918027432
125.78792917279145
125.78792918482611
125.7879291751736
125.78792917608575
125.47580346409802
125.47580346029162
125.47580346166583
125.47580346601137
125.47580345549639
125.47580346820342
125.47580346513153
125.67462570413988
125.67462566941155
125.67462568115963
125.67462568164957
125.67462569774325
125.67462569080067
125.67462569538152
125.4605540220769
125.46055401789684
125.46055402982995
125.46055402302393
125.46055402517057
125.46055402522687
125.46055402664031
125.45706919479338
125.45706919091899
125.45706919212833
125.45706919637655
125.45706918564602
125.45706919855144
125.45706919591684
125.44413172124173
125.44413171731819
125.44413171844275
125.44413172261577
125.4441317117661
125.44413172478048
125.44413172243151
125.44361055137071
125.44361054742681
125.4436105591933
125.4436105526969
125.44361055478379
125.4436105548627
125.44361055591651
125.44361055137071
125.44361054742681
125.4436105591933
125.4436105526969
125.44361055478379
125.4436105548627
125.44361055591651
125.43767942397821
125.43767941924852
125.43767942143987
125.43767942587488
125.4376794146653
125.43767942843715
125.43767942524681
125.36796766578195
125.3679676586089
125.36796766336991
125.3679676640277
125.36796765591016
125.36796766674243
125.3679676673523
125.52925850003503
125.52925851805793
125.52925849423164
125.52925850113549
125.52925849409627
125.5292584955868
125.52925849756843
125.29243615643531
125.29243614714737
125.29243615107984
125.2924361555831
125.29243614829399
125.2924361590666
125.29243615517794
125.26770180175725
125.26770179341594
125.26770179643563
125.26770179840409
125.26770179336884
125.26770180104936
125.26770180060373
126.94767763956901
126.94767764640977
126.94767763661966
126.94767763538678
126.9476776403823
126.9476776353715
126.94767763655165
125.3843174144285
125.3843174326561
125.38431740764352
125.38431742129488
125.38431740878909
125.38431741594042
125.38431741114223
125.2612870654348
125.2612870568895
125.26128706009925
125.26128706216105
125.26128705696235
125.26128706487094
125.26128706429834
125.26076056326684
125.26076056448332
125.26076055793796
125.26076056353008
125.26076055473958
125.26076056311703
125.2607605621535
125.24261759369598
125.24261759508269
125.24261758827231
125.24261759376219
125.2426175847703
125.2426175932526
125.24261759270455
125.27444070529138
125.27444071641531
125.27444070845353
125.27444071531167
125.27444071547379
125.27444071279544
125.27444070384566
125.23097000930397
125.23097000133613
125.23097000258547
125.2309700095881
125.2309700082346
125.23097001265488
125.23097000452665
125.21186014182722
125.21186016397638
125.21186013730158
125.21186015338508
125.21186013803191
125.21186014688655
125.21186013977186
125.38731456334725
125.38731454929956
125.38731456986852
125.38731455417029
125.38731456891739
125.38731455820074
125.38731456582539
125.21947468731639
125.2194746879106
125.219474692474
125.21947468705207
125.21947469563528
125.21947468679014
125.21947468814824
125.20923949893819
125.20923952110817
125.20923950430368
125.20923951056156
125.20923950727465
125.20923950405827
125.2092394999597
125.23476940144248
125.23476939137024
125.23476940826872
125.23476939401749
125.23476940251632
125.23476939676695
125.23476940614754
125.20509979621079
125.20509979693414
125.20509980150615
125.20509979615885
125.20509980480006
125.20509979588115
125.20509979709362
125.20425880732502
125.20425879803233
125.20425880110423
125.20425880369845
125.204258798162
125.20425880663265
125.20425880593623
125.20285409289303
125.202854085323
125.20285409683538
125.20285408991086
125.20285409999138
125.20285409229481
125.20285409330128
125.2212389195308
125.22123891264587
125.22123891622076
125.22123891683046
125.22123890827538
125.22123891900088
125.22123892102809
125.20270132256468
125.20270131505976
125.20270131778119
125.20270131961183
125.20270131910223
125.2027013219759
125.20270132020909
125.20782482165085
125.20782481340471
125.20782481840953
125.20782481844951
125.2078248101964
125.2078248210538
125.20782482331221
125.20249441435226
125.2024944067583
125.20249440942143
125.20249441136971
125.20249441035554
125.20249441376264
125.20249441207869
125.20498595764793
125.20498595833595
125.20498595555159
125.20498595758394
125.20498594748511
125.20498595731775
125.20498595971424
125.20235791594652
125.20235791152209
125.2023579098267
125.20235791407684
125.20235790702654
125.20235791545139
125.20235791454967
125.20189807647277
125.20189807722039
125.20189808096677
125.2018980764098
125.20189808332296
125.2018980761213
125.20189807738797
125.2016926747082
125.20169267540078
125.20169267157382
125.2016926746071
125.20169267018437
125.20169267433329
125.20169267397739
125.20161066981973
125.20161067045944
125.20161067130043
125.20161066967134
125.20161067069088
125.20161066940994
125.2016106706195
125.20127603103383
125.20127602649654
125.20127603436302
125.20127602894674
125.20127603555107
125.20127603032888
125.20127603191244
125.21847980775473
125.21847981871133
125.21847981262681
125.21847981840462
125.21847981610317
125.2184798160157
125.21847980841471
125.20124827762936
125.20124827225786
125.2012482810725
125.20124827523853
125.2012482824583
125.20124827688687
125.20124827848156
125.2066951245956
125.20669513537989
125.2066951292336
125.20669513541472
125.20669513254396
125.20669513307814
125.20669512522396
125.20120945147379
125.20120944505129
125.20120945507438
125.201209448698
125.20120945674034
125.20120945068138
125.20120945228697
125.20277603650854
125.20277602865178
125.2027760409679
125.20277603702212
125.20277604408216
125.202776040066
125.20277603713751
125.20116558219166
125.2011655748712
125.20116558596037
125.2011655790818
125.2011655879296
125.20116558135055
125.20116558296172
125.2645948151769
125.26459482694092
125.2645948202495
125.26459482927572
125.26459482373208
125.26459482738517
125.26459481591121
125.20109404536083
125.20109403759088
125.20109404932147
125.20109404206937
125.20109405164305
125.20109404447855
125.20109404607945
125.20102313918115
125.20102313111502
125.20102314329264
125.20102313576552
125.20102314588117
125.20102313826641
125.20102313986291
125.23028456182706
125.2302845729157
125.2302845667994
125.23028457227247
125.2302845703065
125.23028456983951
125.23028456251477
125.20099368033036
125.20099367217557
125.20099368449482
125.2009936768789
125.2009936871737
125.2009936794074
125.20099368100037
125.20097171989462
125.20097171095907
125.20097172410586
125.20097171767941
125.20097172686272
125.20097172069518
125.20097172055493
125.20098634501639
125.2009863368415
125.20098634919333
125.20098634155896
125.2009863518932
125.20098634409406
125.20098634568373
125.20097140922314
125.20097140097658
125.20097141342575
125.20097140581301
125.20097141616839
125.20097140838243
125.2009714098852
125.2240867389489
125.22408674999446
125.22408674374977
125.22408674951399
125.22408674705899
125.22408674709712
125.2240867396414
125.20108100175247
125.20108099190298
125.20108100597116
125.20108100109138
125.20108100873068
125.20108100469452
125.20108100241475
125.20097054476965
125.20097053650451
125.20097054897302
125.20097054138769
125.20097055171645
125.20097054396851
125.20097054543169
125.20097016198602
125.20097015322935
125.2009701661925
125.2009701594558
125.2009701689392
125.20097016235496
125.20097016264813
125.20096962886763
125.20096962055959
125.20096963307196
125.20096962555576
125.20096963581643
125.2009696281637
125.2009696295297
125.20086868302369
125.20086867667422
125.20086868686863
125.20086868288752
125.20086868991987
125.20086868525544
125.20086868343438
125.2012183529848
125.20121835511694
125.20121834852756
125.20121835338307
125.20121834997562
125.20121835264425
125.20121835071316
125.20082644290594
125.20082644295957
125.2008264447994
125.20082644238323
125.20082644754531
125.20082644228154
125.2008264426606
125.2007470057394
125.2007470052679
125.20074700568883
125.200747005072
125.20074700740346
125.20074700514519
125.20074700510234
125.20081598246945
125.20081597790418
125.20081598131978
125.20081598300692
125.20081597961301
125.20081598480898
125.20081598263145
125.20072585239754
125.20072585136498
125.20072585174627
125.20072585162144
125.2007258515826
125.20072585188872
125.20072585220038
125.20072191264812
125.20072191198238
125.20072191234355
125.20072191214922
125.20072191230466
125.2007219123219
125.20072191254214
125.20072042962087
125.20072042901852
125.2007204295937
125.20072043020328
125.20072042957932
125.20072043052143
125.20072042961495
125.20071926227371
125.20071926217916
125.20071926237311
125.20071926214835
125.20071926248228
125.20071926216461
125.20071926227303
125.20071911045025
125.20071911040341
125.20071911044889
125.20071911038902
125.20071911046784
125.20071911039737
125.20071911044248

------ MOVING TO THE NEXT -------

------- one component ------
126.81592422044591
126.8159242126109
126.81592418798246
126.8159242905521
126.81592421626955
126.81592418250371
126.8159242693687
124.59795943822007
124.5979594345635
124.59795948410222
124.59795944828915
124.59795942872636
124.59795941821221
124.59795939513353
123.61527914532564
123.61527910538938
123.61527914253695
123.61527911524098
123.61527913887141
123.615279271056
123.61527914493706
123.74011993598046
123.74012013226837
123.74011998676772
123.74011995072563
123.74011993034061
123.74011978060672
123.74011988399414
123.2916074953406
123.29160735413996
123.29160754667593
123.29160745959581
123.29160750354838
123.29160768966221
123.29160744613047
125.38061155954065
125.38061160899693
125.38061154785586
125.38061156349029
125.38061156036758
125.38061151841006
125.38061160544336
123.17238045895894
123.1723803954354
123.17238044611128
123.17238043709601
123.17238045727557
123.17238056299456
123.17238047616445
122.85737337342685
122.85737353763245
122.85737342760419
122.85737339705852
122.85737339641965
122.85737322465528
122.85737331993775
122.85176750131528
122.85176775867266
122.8517674174627
122.85176754329514
122.85176748601015
122.85176723257636
122.851767605301
128.8610029021243
128.8610029159703
128.86100289928635
128.8610029604295
128.86100289725732
128.8610028214319
128.86100290172845
122.89793112585451
122.89793128433283
122.89793120348675
122.89793114730111
122.89793114134727
122.89793098417556
122.89793104406412
122.7481016491185
122.74810162785933
122.74810170543326
122.74810162422621
122.7481016855914
122.74810172560626
122.74810160002559
122.82659664781204
122.82659689465027
122.82659668717592
122.82659668395621
122.82659666558874
122.82659640542924
122.82659660724326
122.76078852100777
122.76078851514384
122.76078844819061
122.7607884997947
122.76078851505055
122.76078857925214
122.7607886088226
122.74387529267766
122.74387527474462
122.74387534347169
122.74387526861668
122.74387532188615
122.74387536514917
122.74387524619527
122.74267384867002
122.74267383507583
122.74267377483713
122.74267382566991
122.74267384267661
122.74267391594765
122.74267393761556
122.7429179648332
122.7429179477743
122.74291801462024
122.74291794098978
122.74291799267485
122.74291803625036
122.74291791879952
122.84866540355688
122.848665452699
122.84866534503617
122.84866539332356
122.84866539956388
122.8486654010031
122.84866547536973
122.74682159415973
122.74682158236438
122.74682152007965
122.74682157137916
122.74682158796493
122.74682165977765
122.7468216833509
122.73983760527545
122.73983758947213
122.73983765469727
122.7398375816856
122.73983763281989
122.73983767530925
122.73983755950162
122.74323588568151
122.74323587237687
122.74323581127845
122.74323586259612
122.74323587946502
122.74323595296283
122.74323597523474
122.73905990529997
122.73905988983009
122.73905995106017
122.73905988177758
122.73905993182521
122.7390599749659
122.73905986350957
122.74072135999145
122.74072134564096
122.7407212859248
122.740721336695
122.74072135391467
122.74072142842459
122.74072144918432
122.73880900335374
122.73880898801934
122.73880903509465
122.73880897985877
122.73880902606224
122.73880907287024
122.73880897688807
122.62378146527615
122.6237814003499
122.62378138773681
122.62378143421844
122.62378145793375
122.62378158087736
122.62378155812118
122.60645743393664
122.6064575887392
122.60645733559232
122.60645747859391
122.60645741991931
122.60645724050504
122.60645754927891
122.40539146595461
122.40539129874128
122.40539139829251
122.4053914104104
122.40539145982524
122.40539169721777
122.40539154723675
122.49975912573701
122.49975934950257
122.49975904009926
122.4997591704041
122.4997591150563
122.49975888755911
122.49975922699498
122.48193735489153
122.48193722481237
122.48193728108791
122.48193731038847
122.48193734782488
122.48193753925322
122.4819374432594
122.38678146129125
122.38678172269064
122.38678139360472
122.38678151812096
122.38678145500474
122.38678117044252
122.38678154251836
122.42528028172829
122.42528012813355
122.42528021154968
122.42528022937854
122.42528027519823
122.42528049769619
122.42528036589927
122.3741502157238
122.37415007671005
122.37415015014057
122.37415017515049
122.37415020995664
122.37415039447063
122.37415029460755
122.37684121690424
122.37684146953757
122.37684115077963
122.37684127179996
122.37684121099302
122.37684093571161
122.3768412963864
122.3741502157238
122.37415007671005
122.37415015014057
122.37415017515049
122.37415020995664
122.37415039447063
122.37415029460755
122.41477578473067
122.41477601650227
122.4147758539627
122.41477583301537
122.4147758164576
122.4147755324988
122.414775716599
122.37970979859105
122.37971005596201
122.37970972963097
122.37970985443701
122.37970979210175
122.37970951247283
122.37970988123888
122.37261508103242
122.37261529991278
122.37261501496837
122.37261512774182
122.37261507516274
122.37261483934861
122.37261516044717
122.36948546643617
122.3694856257843
122.3694855390372
122.36948549871408
122.36948549892077
122.36948529447207
122.36948539463867
122.34684342489106
122.34684342811508
122.34684349824563
122.3468434181728
122.34684345729845
122.34684343836405
122.34684335196839
122.38773660224014
122.38773641390439
122.38773654669582
122.38773654454361
122.38773659819344
122.38773684997946
122.38773666985301
122.35437242602839
122.35437232227883
122.35437235954997
122.35437239239364
122.35437242016357
122.35437256697458
122.35437250590019
122.33765370047813
122.33765367315453
122.33765363308349
122.33765368476898
122.33765369455361
122.33765375317502
122.33765378137232
122.34682100200673
122.34682122483169
122.34682107185664
122.34682104401146
122.34682102643694
122.34682076776775
122.34682092910913
122.35192062769487
122.35192083064271
122.35192069918361
122.35192068204115
122.35192065155019
122.35192037883967
122.35192055240921
122.33996369086181
122.3399639098753
122.33996376080619
122.33996374112968
122.33996371522878
122.33996344057921
122.33996361780487
122.30263058756498
122.30263044068715
122.30263052354928
122.30263055886417
122.30263057528153
122.30263074451561
122.30263066051113
122.31728330180695
122.31728336733325
122.31728337610491
122.31728332527098
122.31728332722791
122.31728320841148
122.31728322375227
122.78109845415626
122.78109826239657
122.78109847583761
122.78109840927615
122.78109846021464
122.78109867705194
122.78109842770112
122.46235850066279
122.46235824293765
122.46235844953092
122.46235844362026
122.46235849072373
122.46235879106148
122.46235855986916
122.3139416578423
122.31394148513218
122.31394159533022
122.31394162293486
122.31394164584478
122.31394184492109
122.31394172916808
122.29942819776136
122.29942807772363
122.29942824787885
122.29942817587241
122.29942821650965
122.29942832256987
122.29942814594499
122.3291569039919
122.32915682113286
122.329156843314
122.32915689077035
122.32915689877645
122.32915698602356
122.32915697706308
122.30259335179638
122.30259323521972
122.3025932874898
122.30259333070458
122.30259333941956
122.30259347264445
122.30259342506531
122.29942559470267
122.29942547507191
122.29942555143089
122.29942557290838
122.29942558808284
122.29942571904351
122.29942564498187
122.29932038602567
122.29932026617382
122.29932038679166
122.29932036418022
122.29932039136793
122.29932051061994
122.29932038817111
122.29819992149375
122.29819982293937
122.29819992272854
122.29819990500113
122.29819992697404
122.29820002070204
122.29819992313307
122.2990511030911
122.29905116180889
122.29905110617547
122.29905111474089
122.29905110912668
122.29905104008584
122.29905110273981
122.29839276569935
122.29839274932048
122.29839276529127
122.29839275875432
122.29839277076951
122.29839279152196
122.29839276915558
122.31287575180502
122.31287557058907
122.31287572781025
122.3128757122148
122.31287575038482
122.31287595480751
122.31287578098602
122.2975656704232
122.29756561403039
122.2975656674209
122.29756565348218
122.29756567477257
122.29756574375847
122.29756567670518
122.30310163609764
122.30310149205113
122.30310162537967
122.30310160764282
122.30310163832354
122.30310179074338
122.3031016507951
122.2977639548452
122.2977638738348
122.29776395118037
122.29776394263065
122.29776395901143
122.29776403344216
122.29776396184937
122.29752194520343
122.29752188629962
122.29752194205665
122.29752192799543
122.2975219495128
122.29752202072594
122.29752195164288
122.31327487166406
122.31327470102087
122.3132748571139
122.31327483423507
122.31327487279425
122.31327506315891
122.31327489051245
122.29897014046499
122.29897004946113
122.29897013632731
122.2989701256677
122.29897014449578
122.29897023114414
122.29897014798148
122.29752165349703
122.29752158065438
122.29752165026565
122.2975216413981
122.29752165778245
122.29752172663302
122.29752166002835
122.29750484501832
122.2975047842911
122.29750484184171
122.2975048282415
122.29750484931924
122.29750492075149
122.29750485149017
122.29807791206588
122.29807807429457
122.29807788542915
122.29807795893427
122.29807791001761
122.29807770543896
122.29807794419314
122.29738719625746
122.29738719558753
122.29738718628707
122.29738719716609
122.29738719871702
122.2973871947437
122.29738721015775
122.29733671679266
122.29733674065383
122.29733671779395
122.29733672073164
122.29733672224148
122.297336692971
122.2973367187041
122.29716630084437
122.29716635295183
122.29716634474383
122.2971663176919
122.2971663179952
122.29716623056672
122.29716625587673
122.2967513135523
122.2967514028907
122.29675137014657
122.2967513336075
122.29675133425432
122.29675121248398
122.29675125475651
122.29424874080459
122.29424892532187
122.2942488278051
122.29424878279188
122.29424876269096
122.29424853074258
122.29424864471461
122.29464172814296
122.29464187763114
122.29464179985874
122.2946417616244
122.29464175344143
122.29464155915034
122.29464165307041
122.29362329434265
122.29362346805003
122.29362337867421
122.29362333368985
122.29362331674861
122.29362309698755
122.29362320187471
122.29401538303397
122.29401547356733
122.29401545281135
122.29401540204968
122.29401540783286
122.29401528349699
122.29401531009361
122.29354037277088
122.29354052976643
122.2935404468551
122.29354040803129
122.29354039831145
122.29354019507315
122.29354029487116
122.29276617789891
122.29276613723096
122.29276625431434
122.29276616485475
122.29276620166411
122.29276623262692
122.29276609607902
122.29236551478081
122.29236549191803
122.29236558916344
122.29236550608712
122.29236553512735
122.2923655485759
122.29236543355262
122.29328904012624
122.29328910571195
122.29328898657825
122.29328905302386
122.29328902451144
122.2932889699738
122.29328909807376
122.29198775040857
122.29198774949724
122.29198773728625
122.29198774707551
122.29198774653774
122.2919877584021
122.29198776459874
122.29196636408996
122.29196637746699
122.29196637064717
122.29196636424909
122.29196636592002
122.29196635528194
122.29196635697139
122.29195082191391
122.29195083810814
122.29195082789181
122.29195082276912
122.29195082373072
122.29195080977631
122.29195081551059
122.29189571450299
122.29189574176223
122.29189571800065
122.29189571829917
122.29189571632725
122.29189568883139
122.29189571119846
122.29291891288989
122.29291893499713
122.29291890978946
122.29291892589278
122.29291891541702
122.29291887021662
122.2929189182173
122.29187015852378
122.29187018371076
122.2918701615088
122.29187016379632
122.29187016039626
122.29187013091679
122.2918701558863
122.29186055599587
122.29186055779115
122.2918605549967
122.29186055945694
122.29186055612664
122.29186054728345
122.29186055733834
122.29186563637944
122.29186562240719
122.29186563134085
122.2918656310506
122.2918656346861
122.29186565709081
122.29186564172362
122.2918543156374
122.29185431218716
122.2918543130658
122.29185431510044
122.29185431502002
122.29185431908135
122.29185431851592
122.29185385895121
122.29185385873978
122.29185385886288
122.29185385892758
122.2918538589742
122.29185385920036
122.29185385909597
122.29185384308775
122.29185384309535
122.29185384308686
122.2918538430904
122.29185384309645
122.2918538431394
122.29185384311523